0 0.775 0.37222222222222223 0.0125 0.04259259259259259
0 0.44140625 0.4412037037037037 0.015104166666666667 0.04351851851851852
0 0.20989583333333334 0.4935185185185185 0.023958333333333335 0.1388888888888889
0 0.753125 0.38287037037037036 0.011458333333333333 0.04351851851851852
0 0.79140625 0.3685185185185185 0.013020833333333334 0.040740740740740744
0 0.4283854166666667 0.43425925925925923 0.0109375 0.03888888888888889
0 0.7421875 0.38796296296296295 0.008333333333333333 0.044444444444444446
0 0.9830729166666666 0.3189814814814815 0.009895833333333333 0.03611111111111111
0 0.05755208333333333 0.5222222222222223 0.009895833333333333 0.04814814814814815
0 0.8119791666666667 0.3625 0.010416666666666666 0.049074074074074076
0 0.9677083333333333 0.3277777777777778 0.009375 0.024074074074074074
0 0.39453125 0.4898148148148148 0.015104166666666667 0.03333333333333333
