0 0.44140625 0.44166666666666665 0.015104166666666667 0.044444444444444446
0 0.20963541666666666 0.4930555555555556 0.0234375 0.1398148148148148
0 0.775 0.37175925925925923 0.0125 0.041666666666666664
0 0.753125 0.38333333333333336 0.011458333333333333 0.04259259259259259
0 0.7916666666666666 0.36898148148148147 0.013541666666666667 0.03981481481481482
0 0.7421875 0.3875 0.009375 0.04537037037037037
0 0.9830729166666666 0.3189814814814815 0.009895833333333333 0.03425925925925926
0 0.8119791666666667 0.3625 0.010416666666666666 0.05277777777777778
0 0.4276041666666667 0.43333333333333335 0.011458333333333333 0.03148148148148148
0 0.057291666666666664 0.5222222222222223 0.010416666666666666 0.046296296296296294
0 0.9677083333333333 0.3282407407407407 0.009375 0.026851851851851852
0 0.9174479166666667 0.4740740740740741 0.0234375 0.12962962962962962
0 0.8380208333333333 0.3351851851851852 0.011458333333333333 0.03518518518518519
