0 0.44166666666666665 0.4412037037037037 0.014583333333333334 0.04537037037037037
0 0.775 0.37222222222222223 0.0125 0.04259259259259259
0 0.20963541666666666 0.4935185185185185 0.0234375 0.13703703703703704
0 0.753125 0.38333333333333336 0.011458333333333333 0.04259259259259259
0 0.7919270833333333 0.3685185185185185 0.013020833333333334 0.040740740740740744
0 0.42864583333333334 0.43425925925925923 0.011458333333333333 0.03888888888888889
0 0.7424479166666667 0.38796296296296295 0.008854166666666666 0.044444444444444446
0 0.9828125 0.3189814814814815 0.010416666666666666 0.03425925925925926
0 0.05755208333333333 0.5222222222222223 0.009895833333333333 0.04814814814814815
0 0.8119791666666667 0.3625 0.010416666666666666 0.049074074074074076
0 0.9677083333333333 0.3277777777777778 0.009375 0.027777777777777776
0 0.39453125 0.4898148148148148 0.015104166666666667 0.03333333333333333
