0 0.44140625 0.44027777777777777 0.015104166666666667 0.04351851851851852
0 0.7752604166666667 0.37222222222222223 0.013020833333333334 0.044444444444444446
0 0.20859375 0.4888888888888889 0.0234375 0.14629629629629629
0 0.753125 0.38287037037037036 0.011458333333333333 0.041666666666666664
0 0.7916666666666666 0.3680555555555556 0.0125 0.041666666666666664
0 0.057291666666666664 0.5222222222222223 0.011458333333333333 0.04814814814814815
0 0.8125 0.36527777777777776 0.010416666666666666 0.03981481481481482
0 0.7419270833333333 0.38796296296296295 0.008854166666666666 0.044444444444444446
0 0.9828125 0.3194444444444444 0.010416666666666666 0.03518518518518519
0 0.4278645833333333 0.44074074074074077 0.0109375 0.04814814814814815
0 0.9677083333333333 0.3277777777777778 0.009375 0.027777777777777776
0 0.043229166666666666 0.5314814814814814 0.013541666666666667 0.037037037037037035
0 0.8028645833333333 0.3625 0.008854166666666666 0.03425925925925926
