0 0.20859375 0.4888888888888889 0.0234375 0.14629629629629629
0 0.44114583333333335 0.44074074074074077 0.015625 0.044444444444444446
0 0.7752604166666667 0.37222222222222223 0.013020833333333334 0.044444444444444446
0 0.79140625 0.3680555555555556 0.011979166666666667 0.03981481481481482
0 0.753125 0.38333333333333336 0.011458333333333333 0.04259259259259259
0 0.057291666666666664 0.5226851851851851 0.011458333333333333 0.049074074074074076
0 0.8127604166666667 0.3648148148148148 0.009895833333333333 0.040740740740740744
0 0.9828125 0.31851851851851853 0.010416666666666666 0.03333333333333333
0 0.7419270833333333 0.38796296296296295 0.008854166666666666 0.044444444444444446
0 0.96796875 0.3277777777777778 0.008854166666666666 0.027777777777777776
0 0.4276041666666667 0.4337962962962963 0.011458333333333333 0.032407407407407406
0 0.80234375 0.362962962962963 0.009895833333333333 0.03888888888888889
0 0.043229166666666666 0.5314814814814814 0.014583333333333334 0.037037037037037035
