0 0.44140625 0.44027777777777777 0.015104166666666667 0.04351851851851852
0 0.20963541666666666 0.4935185185185185 0.0234375 0.1388888888888889
0 0.775 0.37175925925925923 0.0125 0.04351851851851852
0 0.7533854166666667 0.38287037037037036 0.011979166666666667 0.04351851851851852
0 0.79140625 0.3680555555555556 0.011979166666666667 0.041666666666666664
0 0.4283854166666667 0.43425925925925923 0.0109375 0.03888888888888889
0 0.8114583333333333 0.36203703703703705 0.010416666666666666 0.053703703703703705
0 0.9828125 0.31851851851851853 0.010416666666666666 0.03333333333333333
0 0.7427083333333333 0.38055555555555554 0.009375 0.03518518518518519
0 0.057291666666666664 0.5222222222222223 0.011458333333333333 0.04814814814814815
0 0.96796875 0.3277777777777778 0.008854166666666666 0.027777777777777776
0 0.8380208333333333 0.3351851851851852 0.010416666666666666 0.03518518518518519
