0 0.775 0.37222222222222223 0.0125 0.04259259259259259
0 0.44140625 0.4412037037037037 0.015104166666666667 0.04351851851851852
0 0.20963541666666666 0.4930555555555556 0.0234375 0.1398148148148148
0 0.753125 0.38287037037037036 0.011458333333333333 0.041666666666666664
0 0.7916666666666666 0.3685185185185185 0.013541666666666667 0.040740740740740744
0 0.4283854166666667 0.4337962962962963 0.0109375 0.03796296296296296
0 0.7421875 0.38796296296296295 0.009375 0.044444444444444446
0 0.8119791666666667 0.3625 0.010416666666666666 0.05277777777777778
0 0.9830729166666666 0.3189814814814815 0.009895833333333333 0.03611111111111111
0 0.057291666666666664 0.5226851851851851 0.009375 0.049074074074074076
0 0.96796875 0.3277777777777778 0.008854166666666666 0.025925925925925925
0 0.8372395833333334 0.3365740740740741 0.0109375 0.028703703703703703
