0 0.44140625 0.44074074074074077 0.015104166666666667 0.044444444444444446
0 0.20963541666666666 0.4930555555555556 0.0234375 0.14166666666666666
0 0.753125 0.3824074074074074 0.011458333333333333 0.04259259259259259
0 0.7752604166666667 0.3726851851851852 0.013020833333333334 0.04537037037037037
0 0.7916666666666666 0.3675925925925926 0.0125 0.03888888888888889
0 0.05703125 0.5226851851851851 0.011979166666666667 0.049074074074074076
0 0.8125 0.36527777777777776 0.009375 0.03981481481481482
0 0.7421875 0.38796296296296295 0.009375 0.044444444444444446
0 0.428125 0.4412037037037037 0.011458333333333333 0.04722222222222222
0 0.9830729166666666 0.3194444444444444 0.009895833333333333 0.03518518518518519
0 0.96796875 0.3277777777777778 0.008854166666666666 0.02962962962962963
0 0.9229166666666667 0.4726851851851852 0.021875 0.11388888888888889
0 0.042708333333333334 0.5314814814814814 0.013541666666666667 0.037037037037037035
0 0.8026041666666667 0.3625 0.009375 0.03425925925925926
