0 0.44140625 0.44027777777777777 0.015104166666666667 0.04351851851851852
0 0.20989583333333334 0.4930555555555556 0.023958333333333335 0.1398148148148148
0 0.7752604166666667 0.37222222222222223 0.013020833333333334 0.044444444444444446
0 0.753125 0.38287037037037036 0.011458333333333333 0.041666666666666664
0 0.7916666666666666 0.3685185185185185 0.0125 0.040740740740740744
0 0.057291666666666664 0.5236111111111111 0.014583333333333334 0.04351851851851852
0 0.7419270833333333 0.3875 0.008854166666666666 0.04351851851851852
0 0.9828125 0.3194444444444444 0.010416666666666666 0.03518518518518519
0 0.428125 0.4412037037037037 0.011458333333333333 0.04722222222222222
0 0.81171875 0.3625 0.009895833333333333 0.05462962962962963
0 0.9677083333333333 0.3277777777777778 0.009375 0.027777777777777776
0 0.043229166666666666 0.5314814814814814 0.013541666666666667 0.037037037037037035
0 0.915625 0.4912037037037037 0.029166666666666667 0.09722222222222222
0 0.8278645833333333 0.3347222222222222 0.013020833333333334 0.028703703703703703
