0 0.7747395833333334 0.37222222222222223 0.013020833333333334 0.04259259259259259
0 0.20859375 0.48842592592592593 0.0234375 0.14722222222222223
0 0.44140625 0.44074074074074077 0.015104166666666667 0.044444444444444446
0 0.753125 0.38333333333333336 0.011458333333333333 0.04259259259259259
0 0.7916666666666666 0.3675925925925926 0.0125 0.040740740740740744
0 0.4283854166666667 0.43425925925925923 0.0109375 0.03888888888888889
0 0.05755208333333333 0.5226851851851851 0.011979166666666667 0.05092592592592592
0 0.9828125 0.31851851851851853 0.010416666666666666 0.03333333333333333
0 0.7419270833333333 0.38796296296296295 0.008854166666666666 0.044444444444444446
0 0.81171875 0.36203703703703705 0.009895833333333333 0.053703703703703705
0 0.96796875 0.3277777777777778 0.008854166666666666 0.027777777777777776
0 0.8372395833333334 0.3365740740740741 0.0109375 0.028703703703703703
