0 0.44140625 0.44027777777777777 0.015104166666666667 0.04351851851851852
0 0.20989583333333334 0.4935185185185185 0.023958333333333335 0.1388888888888889
0 0.7747395833333334 0.37222222222222223 0.013020833333333334 0.044444444444444446
0 0.753125 0.38333333333333336 0.011458333333333333 0.04259259259259259
0 0.4283854166666667 0.4337962962962963 0.0109375 0.03796296296296296
0 0.79140625 0.3685185185185185 0.013020833333333334 0.040740740740740744
0 0.7419270833333333 0.38796296296296295 0.008854166666666666 0.046296296296296294
0 0.9841145833333333 0.3189814814814815 0.011979166666666667 0.032407407407407406
0 0.81171875 0.36203703703703705 0.009895833333333333 0.053703703703703705
0 0.96796875 0.3277777777777778 0.008854166666666666 0.027777777777777776
0 0.057291666666666664 0.5222222222222223 0.010416666666666666 0.04814814814814815
