-1 0.44216008771929827 0.4537037037037037 0.008223684210526315 0.05360623781676413
-1 0.45915570175438597 0.44103313840155944 0.00712719298245614 0.04191033138401559
-1 0.46765350877192985 0.4444444444444444 0.008771929824561403 0.037037037037037035
-1 0.4799890350877193 0.4439571150097466 0.012609649122807017 0.043859649122807015
-1 0.4307920536635707 0.4400584795321638 0.009191176470588236 0.030214424951267055
-1 0.4199077657378741 0.4480850819860108 0.012867647058823529 0.02832244008714597
-1 0.5087719298245614 0.44298245614035087 0.008771929824561403 0.0341130604288499
-1 0.4917763157894737 0.44785575048732945 0.008771929824561403 0.03996101364522417
-1 0.5006127450980392 0.45098039215686275 0.00980392156862745 0.032679738562091505
-1 0.45067401960784315 0.4493464052287582 0.007965686274509803 0.046840958605664486
