1 0.9608066351394768 0.33258816430413357 0.007338658358086674 0.02554223897339199 blurry,noisy
1 0.9695191838281843 0.3286638201825508 0.007950213221260357 0.02523526243079919
1 0.9758054531352263 0.32650543091568035 0.007338658358086674 0.024559845166722945
1 0.986282568646963 0.3223848695880185 0.012231097263477686 0.032418995620074616
1 0.754088228868288 0.3851805196591695 0.012231097263477686 0.03438378323341215
1 0.7749779762367274 0.37673357843857364 0.01284265212665044 0.044514697842694025
1 0.790645286763057 0.3730732372429822 0.01036663624855013 0.0429183509508402
2 0.42861935280918034 0.4386464371639077 0.010396432673955708 0.034690759776004956
2 0.4422218182206453 0.43789015020328026 0.014065761852999199 0.029471814200067618
3 0.20973373619399968 0.49126311089389835 0.02141071273700884 0.13925858451037237
1 0.05873365720461708 0.5143759455582707 0.010396432673955727 0.02259505755338527
